412
413
417
446
449
457
458
497
500
504
509
511
516
532
533
545
549
549
552
557
557
558
565
566
566
567
569
570
571
577
579
585
587
588
588
589
589
591
591
591
592
593
593
594
594
595
595
595
595
595
596
596
596
597
597
597
597
597
597
597
597
598
599
599
600
600
600
600
600
601
601
601
602
602
603
603
603
604
604
604
604
604
604
604
605
605
605
605
605
605
605
605
605
605
605
606
606
606
606
606
606
606
606
606
606
607
607
607
607
607
607
607
607
607
608
608
608
608
608
608
608
608
608
608
608
608
608
608
608
609
609
609
609
609
609
609
609
609
609
609
609
609
609
609
610
610
610
610
610
610
610
610
610
610
610
610
610
610
610
610
610
610
610
611
611
611
611
611
611
611
611
611
611
611
611
611
611
611
611
611
611
612
612
612
612
612
612
612
612
612
612
612
612
612
612
612
612
612
612
612
612
612
612
612
613
613
613
613
613
613
613
613
613
613
613
613
613
613
613
614
614
614
614
614
614
614
614
614
614
614
614
614
614
614
614
614
615
615
615
615
615
615
615
615
615
615
615
615
615
615
615
615
615
615
616
616
616
616
616
616
616
616
616
616
616
616
616
616
616
616
616
616
616
616
616
616
616
616
617
617
617
617
617
617
617
617
617
617
617
617
617
617
617
617
617
617
617
617
617
617
617
617
617
617
617
618
618
618
618
618
618
618
618
618
618
618
618
618
618
618
618
618
618
618
618
619
619
619
619
619
619
619
619
619
619
619
619
619
619
619
619
619
619
619
619
619
619
619
619
620
620
620
620
620
620
620
620
620
620
620
620
620
620
620
620
620
620
620
620
620
621
621
621
621
621
621
621
621
621
621
621
621
621
621
621
621
621
622
622
622
622
622
622
622
622
622
622
622
622
622
622
622
622
622
622
622
622
622
622
623
623
623
623
623
623
623
623
623
623
623
623
623
623
623
623
623
623
623
623
623
623
623
623
623
623
624
624
624
624
624
624
624
624
624
624
624
624
624
624
624
625
625
625
625
625
625
625
625
625
625
625
625
625
625
625
625
625
626
626
626
626
626
626
626
626
626
626
626
626
626
626
626
626
627
627
627
627
627
627
627
627
627
627
627
627
627
627
627
627
627
627
627
627
627
627
627
628
628
628
628
628
628
628
628
628
628
628
628
628
628
628
628
628
629
629
629
629
629
629
629
629
629
629
629
629
629
629
629
629
629
629
629
629
629
629
629
629
629
629
629
630
630
630
630
630
630
630
630
630
630
630
630
630
630
630
630
630
630
630
630
630
630
630
630
631
631
631
631
631
631
631
631
631
631
631
631
631
631
631
631
631
631
632
632
632
632
632
632
632
632
632
632
632
632
632
632
632
633
633
633
633
633
633
633
633
633
633
633
633
633
633
633
633
633
633
633
633
633
633
633
633
633
633
633
634
634
634
634
634
634
634
634
634
634
634
634
634
634
634
634
634
634
634
634
634
634
634
634
635
635
635
635
635
635
635
635
635
635
635
635
635
635
635
635
635
635
635
636
636
636
636
636
636
636
636
636
636
636
636
636
636
636
637
637
637
637
637
637
637
637
637
637
637
637
637
638
638
638
638
638
638
638
638
638
638
638
638
638
638
638
639
639
639
639
639
639
639
639
639
639
639
639
640
640
640
640
640
640
640
640
640
640
640
640
641
641
641
641
641
641
641
641
641
641
641
641
642
642
642
642
642
642
642
642
642
642
643
643
643
643
643
643
643
644
644
645
645
645
645
645
645
645
645
645
646
646
646
647
647
647
647
647
647
647
647
648
648
648
649
649
649
649
649
649
649
649
649
649
650
650
650
650
650
651
651
651
651
651
652
652
652
652
653
653
654
655
656
657
658
658
658
659
660
661
661
661
661
662
664
664
665
665
666
666
667
668
668
668
668
669
669
669
670
670
672
673
674
676
676
678
679
681
681
682
682
684
688
689
690
691
692
693
694
694
695
695
696
696
696
697
698
698
699
699
700
700
700
701
701
701
702
703
703
704
704
705
705
707
707
707
708
708
708
708
708
709
709
709
710
711
711
712
712
712
713
714
714
714
715
716
717
717
717
717
718
718
718
718
719
720
722
722
722
723
723
723
724
725
726
727
728
728
729
730
732
733
734
735
735
735
736
739
741
741
741
742
743
744
744
746
747
747
747
748
750
750
751
751
752
752
752
755
755
757
770
770
771
773
773
774
776
779
783
784
784
786
786
794
796
797
800
806
810
817
838
840
869
875
893
905
